00 11 09 00 00 16 13 04 00 00 14 00 10 06 15 00 04
12 15 00 03 06 00 11 00 05 00 01 16 07 14 02 01 00
06 00 15 02 00 00 11 09 10 00 00 00 08 00 00 13 00
00 00 01 00 00 04 06 00 15 00 00 00 00 00 00 00 00
00 00 15 00 08 01 05 03 00 04 11 07 06 00 01 00 00
12 08 00 09 00 00 02 00 00 03 00 14 00 04 13 06 00
00 03 00 12 07 10 08 00 02 00 03 08 00 00 04 07 02
00 06 00 00 00 00 12 16 05 13 00 00 16 00 08 14 10
03 04 15 00 12 05 01 11 00 00 00 06 02 00 00 01 10
00 11 00 15 03 00 09 07 00 00 12 00 04 00 15 05 00
09 14 00 00 00 00 10 00 00 08 00 00 11 00 00 00 01
12 04 00 13 16 00 00 00 00 00 00 07 00 15 02 00 00
00 00 12 03 00 00 07 00 00 10 06 00 01 08 00 13 11
00 09 14 08 06 05 00 00 03 00 00 14 00 00 09 00 00
00 00 00 16 00 02 00 00 00 14 00 10 00 00 00 00 00 
